,MONTH,DAY,DATA TYPE,VALUE,FLAG
0,01,1,TMAX,,   
1,01,2,TMAX,,   
2,01,3,TMAX,,   
3,01,4,TMAX,,   
4,01,5,TMAX,,   
5,01,6,TMAX,,   
6,01,7,TMAX,,   
7,01,8,TMAX,,   
8,01,9,TMAX,,   
9,01,10,TMAX,,   
10,01,11,TMAX,,   
11,01,12,TMAX,,   
12,01,13,TMAX,,   
13,01,14,TMAX,,   
14,01,15,TMAX,,   
15,01,16,TMAX,,   
16,01,17,TMAX,,   
17,01,18,TMAX,,   
18,01,19,TMAX,,   
19,01,20,TMAX,,   
20,01,21,TMAX,,   
21,01,22,TMAX,,   
22,01,23,TMAX,,   
23,01,24,TMAX,,   
24,01,25,TMAX,,   
25,01,26,TMAX,,   
26,01,27,TMAX,,   
27,01,28,TMAX,,   
28,01,29,TMAX,,   
29,01,30,TMAX,278,   
30,01,31,TMAX,,   
31,01,1,TMIN,,   
32,01,2,TMIN,,   
33,01,3,TMIN,,   
34,01,4,TMIN,,   
35,01,5,TMIN,,   
36,01,6,TMIN,,   
37,01,7,TMIN,,   
38,01,8,TMIN,,   
39,01,9,TMIN,,   
40,01,10,TMIN,,   
41,01,11,TMIN,,   
42,01,12,TMIN,,   
43,01,13,TMIN,,   
44,01,14,TMIN,,   
45,01,15,TMIN,,   
46,01,16,TMIN,,   
47,01,17,TMIN,,   
48,01,18,TMIN,,   
49,01,19,TMIN,,   
50,01,20,TMIN,,   
51,01,21,TMIN,,   
52,01,22,TMIN,,   
53,01,23,TMIN,,   
54,01,24,TMIN,,   
55,01,25,TMIN,,   
56,01,26,TMIN,,   
57,01,27,TMIN,,   
58,01,28,TMIN,,   
59,01,29,TMIN,,   
60,01,30,TMIN,145,   
61,01,31,TMIN,,   
62,01,1,PRCP,,   
63,01,2,PRCP,,   
64,01,3,PRCP,,   
65,01,4,PRCP,,   
66,01,5,PRCP,0,   
67,01,6,PRCP,,   
68,01,7,PRCP,0,   
69,01,8,PRCP,,   
70,01,9,PRCP,,   
71,01,10,PRCP,,   
72,01,11,PRCP,,   
73,01,12,PRCP,0,   
74,01,13,PRCP,,   
75,01,14,PRCP,0,   
76,01,15,PRCP,0,S
77,01,16,PRCP,,   
78,01,17,PRCP,,   
79,01,18,PRCP,0,   
80,01,19,PRCP,0,S
81,01,20,PRCP,0,S
82,01,21,PRCP,0,S
83,01,22,PRCP,0,S
84,01,23,PRCP,0,S
85,01,24,PRCP,,   
86,01,25,PRCP,0,   
87,01,26,PRCP,0,S
88,01,27,PRCP,0,S
89,01,28,PRCP,0,S
90,01,29,PRCP,0,S
91,01,30,PRCP,0,S
92,01,31,PRCP,,   
93,02,1,TMAX,,   
94,02,2,TMAX,273,   
95,02,3,TMAX,241,S
96,02,4,TMAX,,   
97,02,5,TMAX,,   
98,02,6,TMAX,,   
99,02,7,TMAX,,   
100,02,8,TMAX,,   
101,02,9,TMAX,,   
102,02,10,TMAX,,   
103,02,11,TMAX,297,   
104,02,12,TMAX,,   
105,02,13,TMAX,,   
106,02,14,TMAX,,   
107,02,15,TMAX,,   
108,02,16,TMAX,,   
109,02,17,TMAX,,   
110,02,18,TMAX,,   
111,02,19,TMAX,,   
112,02,20,TMAX,,   
113,02,21,TMAX,,   
114,02,22,TMAX,,   
115,02,23,TMAX,299,   
116,02,24,TMAX,,   
117,02,25,TMAX,,   
118,02,26,TMAX,,   
119,02,27,TMAX,,   
120,02,28,TMAX,,   
121,02,29,TMAX,,   
122,02,30,TMAX,,   
123,02,31,TMAX,,   
124,02,1,TMIN,,   
125,02,2,TMIN,144,   
126,02,3,TMIN,144,S
127,02,4,TMIN,,   
128,02,5,TMIN,,   
129,02,6,TMIN,,   
130,02,7,TMIN,,   
131,02,8,TMIN,,   
132,02,9,TMIN,,   
133,02,10,TMIN,,   
134,02,11,TMIN,134,   
135,02,12,TMIN,,   
136,02,13,TMIN,,   
137,02,14,TMIN,,   
138,02,15,TMIN,,   
139,02,16,TMIN,,   
140,02,17,TMIN,,   
141,02,18,TMIN,,   
142,02,19,TMIN,,   
143,02,20,TMIN,,   
144,02,21,TMIN,,   
145,02,22,TMIN,,   
146,02,23,TMIN,107,   
147,02,24,TMIN,,   
148,02,25,TMIN,,   
149,02,26,TMIN,,   
150,02,27,TMIN,,   
151,02,28,TMIN,,   
152,02,29,TMIN,,   
153,02,30,TMIN,,   
154,02,31,TMIN,,   
155,02,1,PRCP,,   
156,02,2,PRCP,0,   
157,02,3,PRCP,0,S
158,02,4,PRCP,,   
159,02,5,PRCP,,   
160,02,6,PRCP,0,   
161,02,7,PRCP,0,S
162,02,8,PRCP,,   
163,02,9,PRCP,0,   
164,02,10,PRCP,,   
165,02,11,PRCP,0,   
166,02,12,PRCP,,   
167,02,13,PRCP,0,   
168,02,14,PRCP,,   
169,02,15,PRCP,,   
170,02,16,PRCP,,   
171,02,17,PRCP,,   
172,02,18,PRCP,,   
173,02,19,PRCP,,   
174,02,20,PRCP,0,   
175,02,21,PRCP,,   
176,02,22,PRCP,,   
177,02,23,PRCP,0,   
178,02,24,PRCP,,   
179,02,25,PRCP,0,   
180,02,26,PRCP,,   
181,02,27,PRCP,,   
182,02,28,PRCP,,   
183,02,29,PRCP,,   
184,02,30,PRCP,,   
185,02,31,PRCP,,   
186,03,1,TMAX,,   
187,03,2,TMAX,,   
188,03,3,TMAX,,   
189,03,4,TMAX,,   
190,03,5,TMAX,321,   
191,03,6,TMAX,,   
192,03,7,TMAX,,   
193,03,8,TMAX,,   
194,03,9,TMAX,,   
195,03,10,TMAX,345,   
196,03,11,TMAX,,   
197,03,12,TMAX,,   
198,03,13,TMAX,,   
199,03,14,TMAX,,   
200,03,15,TMAX,,   
201,03,16,TMAX,311,   
202,03,17,TMAX,,   
203,03,18,TMAX,,   
204,03,19,TMAX,,   
205,03,20,TMAX,,   
206,03,21,TMAX,,   
207,03,22,TMAX,,   
208,03,23,TMAX,,   
209,03,24,TMAX,,   
210,03,25,TMAX,,   
211,03,26,TMAX,,   
212,03,27,TMAX,,   
213,03,28,TMAX,,   
214,03,29,TMAX,,   
215,03,30,TMAX,,   
216,03,31,TMAX,,   
217,03,1,TMIN,,   
218,03,2,TMIN,,   
219,03,3,TMIN,,   
220,03,4,TMIN,,   
221,03,5,TMIN,142,   
222,03,6,TMIN,,   
223,03,7,TMIN,,   
224,03,8,TMIN,,   
225,03,9,TMIN,,   
226,03,10,TMIN,168,   
227,03,11,TMIN,,   
228,03,12,TMIN,,   
229,03,13,TMIN,,   
230,03,14,TMIN,,   
231,03,15,TMIN,,   
232,03,16,TMIN,176,   
233,03,17,TMIN,,   
234,03,18,TMIN,,   
235,03,19,TMIN,,   
236,03,20,TMIN,,   
237,03,21,TMIN,,   
238,03,22,TMIN,,   
239,03,23,TMIN,,   
240,03,24,TMIN,,   
241,03,25,TMIN,,   
242,03,26,TMIN,,   
243,03,27,TMIN,,   
244,03,28,TMIN,,   
245,03,29,TMIN,,   
246,03,30,TMIN,,   
247,03,31,TMIN,,   
248,03,1,PRCP,,   
249,03,2,PRCP,0,   
250,03,3,PRCP,,   
251,03,4,PRCP,0,   
252,03,5,PRCP,0,S
253,03,6,PRCP,0,S
254,03,7,PRCP,,   
255,03,8,PRCP,,   
256,03,9,PRCP,0,   
257,03,10,PRCP,0,S
258,03,11,PRCP,0,S
259,03,12,PRCP,0,S
260,03,13,PRCP,0,S
261,03,14,PRCP,,   
262,03,15,PRCP,,   
263,03,16,PRCP,0,   
264,03,17,PRCP,0,S
265,03,18,PRCP,,   
266,03,19,PRCP,0,   
267,03,20,PRCP,0,S
268,03,21,PRCP,,   
269,03,22,PRCP,,   
270,03,23,PRCP,0,   
271,03,24,PRCP,,   
272,03,25,PRCP,,   
273,03,26,PRCP,0,   
274,03,27,PRCP,0,S
275,03,28,PRCP,,   
276,03,29,PRCP,,   
277,03,30,PRCP,0,   
278,03,31,PRCP,,   
279,04,1,TMAX,,   
280,04,2,TMAX,,   
281,04,3,TMAX,,   
282,04,4,TMAX,,   
283,04,5,TMAX,,   
284,04,6,TMAX,,   
285,04,7,TMAX,,   
286,04,8,TMAX,,   
287,04,9,TMAX,,   
288,04,10,TMAX,,   
289,04,11,TMAX,,   
290,04,12,TMAX,,   
291,04,13,TMAX,,   
292,04,14,TMAX,,   
293,04,15,TMAX,,   
294,04,16,TMAX,,   
295,04,17,TMAX,,   
296,04,18,TMAX,,   
297,04,19,TMAX,,   
298,04,20,TMAX,,   
299,04,21,TMAX,,   
300,04,22,TMAX,,   
301,04,23,TMAX,,   
302,04,24,TMAX,,   
303,04,25,TMAX,,   
304,04,26,TMAX,,   
305,04,27,TMAX,363,   
306,04,28,TMAX,,   
307,04,29,TMAX,,   
308,04,30,TMAX,,   
309,04,31,TMAX,,   
310,04,1,TMIN,,   
311,04,2,TMIN,,   
312,04,3,TMIN,,   
313,04,4,TMIN,,   
314,04,5,TMIN,,   
315,04,6,TMIN,,   
316,04,7,TMIN,,   
317,04,8,TMIN,,   
318,04,9,TMIN,,   
319,04,10,TMIN,,   
320,04,11,TMIN,,   
321,04,12,TMIN,,   
322,04,13,TMIN,,   
323,04,14,TMIN,,   
324,04,15,TMIN,,   
325,04,16,TMIN,,   
326,04,17,TMIN,,   
327,04,18,TMIN,,   
328,04,19,TMIN,,   
329,04,20,TMIN,,   
330,04,21,TMIN,,   
331,04,22,TMIN,,   
332,04,23,TMIN,,   
333,04,24,TMIN,,   
334,04,25,TMIN,,   
335,04,26,TMIN,,   
336,04,27,TMIN,167,   
337,04,28,TMIN,,   
338,04,29,TMIN,,   
339,04,30,TMIN,,   
340,04,31,TMIN,,   
341,04,1,PRCP,0,   
342,04,2,PRCP,,   
343,04,3,PRCP,0,   
344,04,4,PRCP,,   
345,04,5,PRCP,,   
346,04,6,PRCP,0,   
347,04,7,PRCP,,   
348,04,8,PRCP,,   
349,04,9,PRCP,,   
350,04,10,PRCP,,   
351,04,11,PRCP,,   
352,04,12,PRCP,,   
353,04,13,PRCP,,   
354,04,14,PRCP,,   
355,04,15,PRCP,,   
356,04,16,PRCP,,   
357,04,17,PRCP,,   
358,04,18,PRCP,,   
359,04,19,PRCP,,   
360,04,20,PRCP,,   
361,04,21,PRCP,,   
362,04,22,PRCP,,   
363,04,23,PRCP,,   
364,04,24,PRCP,,   
365,04,25,PRCP,,   
366,04,26,PRCP,,   
367,04,27,PRCP,0,   
368,04,28,PRCP,,   
369,04,29,PRCP,,   
370,04,30,PRCP,0,   
371,04,31,PRCP,,   
372,05,1,TMAX,,   
373,05,2,TMAX,,   
374,05,3,TMAX,,   
375,05,4,TMAX,,   
376,05,5,TMAX,,   
377,05,6,TMAX,,   
378,05,7,TMAX,,   
379,05,8,TMAX,,   
380,05,9,TMAX,,   
381,05,10,TMAX,,   
382,05,11,TMAX,,   
383,05,12,TMAX,,   
384,05,13,TMAX,,   
385,05,14,TMAX,,   
386,05,15,TMAX,,   
387,05,16,TMAX,,   
388,05,17,TMAX,,   
389,05,18,TMAX,,   
390,05,19,TMAX,,   
391,05,20,TMAX,,   
392,05,21,TMAX,,   
393,05,22,TMAX,,   
394,05,23,TMAX,,   
395,05,24,TMAX,,   
396,05,25,TMAX,,   
397,05,26,TMAX,,   
398,05,27,TMAX,332,   
399,05,28,TMAX,,   
400,05,29,TMAX,,   
401,05,30,TMAX,,   
402,05,31,TMAX,,   
403,05,1,TMIN,,   
404,05,2,TMIN,,   
405,05,3,TMIN,,   
406,05,4,TMIN,,   
407,05,5,TMIN,,   
408,05,6,TMIN,,   
409,05,7,TMIN,,   
410,05,8,TMIN,,   
411,05,9,TMIN,,   
412,05,10,TMIN,,   
413,05,11,TMIN,,   
414,05,12,TMIN,,   
415,05,13,TMIN,,   
416,05,14,TMIN,,   
417,05,15,TMIN,,   
418,05,16,TMIN,,   
419,05,17,TMIN,,   
420,05,18,TMIN,,   
421,05,19,TMIN,,   
422,05,20,TMIN,,   
423,05,21,TMIN,,   
424,05,22,TMIN,,   
425,05,23,TMIN,,   
426,05,24,TMIN,,   
427,05,25,TMIN,,   
428,05,26,TMIN,,   
429,05,27,TMIN,182,   
430,05,28,TMIN,,   
431,05,29,TMIN,,   
432,05,30,TMIN,,   
433,05,31,TMIN,,   
434,05,1,PRCP,,   
435,05,2,PRCP,,   
436,05,3,PRCP,,   
437,05,4,PRCP,0,   
438,05,5,PRCP,,   
439,05,6,PRCP,0,   
440,05,7,PRCP,,   
441,05,8,PRCP,0,   
442,05,9,PRCP,,   
443,05,10,PRCP,,   
444,05,11,PRCP,0,   
445,05,12,PRCP,,   
446,05,13,PRCP,0,   
447,05,14,PRCP,,   
448,05,15,PRCP,,   
449,05,16,PRCP,,   
450,05,17,PRCP,,   
451,05,18,PRCP,0,   
452,05,19,PRCP,,   
453,05,20,PRCP,0,   
454,05,21,PRCP,,   
455,05,22,PRCP,,   
456,05,23,PRCP,,   
457,05,24,PRCP,,   
458,05,25,PRCP,,   
459,05,26,PRCP,,   
460,05,27,PRCP,0,   
461,05,28,PRCP,,   
462,05,29,PRCP,25,   
463,05,30,PRCP,0,S
464,05,31,PRCP,,   
465,06,1,TMAX,,   
466,06,2,TMAX,,   
467,06,3,TMAX,,   
468,06,4,TMAX,,   
469,06,5,TMAX,,   
470,06,6,TMAX,,   
471,06,7,TMAX,,   
472,06,8,TMAX,,   
473,06,9,TMAX,,   
474,06,10,TMAX,,   
475,06,11,TMAX,,   
476,06,12,TMAX,,   
477,06,13,TMAX,,   
478,06,14,TMAX,,   
479,06,15,TMAX,,   
480,06,16,TMAX,,   
481,06,17,TMAX,280,   
482,06,18,TMAX,,   
483,06,19,TMAX,,   
484,06,20,TMAX,,   
485,06,21,TMAX,,   
486,06,22,TMAX,,   
487,06,23,TMAX,,   
488,06,24,TMAX,,   
489,06,25,TMAX,,   
490,06,26,TMAX,,   
491,06,27,TMAX,,   
492,06,28,TMAX,,   
493,06,29,TMAX,301,   
494,06,30,TMAX,,   
495,06,31,TMAX,,   
496,06,1,TMIN,,   
497,06,2,TMIN,,   
498,06,3,TMIN,,   
499,06,4,TMIN,,   
500,06,5,TMIN,,   
501,06,6,TMIN,,   
502,06,7,TMIN,,   
503,06,8,TMIN,,   
504,06,9,TMIN,,   
505,06,10,TMIN,,   
506,06,11,TMIN,,   
507,06,12,TMIN,,   
508,06,13,TMIN,,   
509,06,14,TMIN,,   
510,06,15,TMIN,,   
511,06,16,TMIN,,   
512,06,17,TMIN,175,   
513,06,18,TMIN,,   
514,06,19,TMIN,,   
515,06,20,TMIN,,   
516,06,21,TMIN,,   
517,06,22,TMIN,,   
518,06,23,TMIN,,   
519,06,24,TMIN,,   
520,06,25,TMIN,,   
521,06,26,TMIN,,   
522,06,27,TMIN,,   
523,06,28,TMIN,,   
524,06,29,TMIN,180,   
525,06,30,TMIN,,   
526,06,31,TMIN,,   
527,06,1,PRCP,0,   
528,06,2,PRCP,0,S
529,06,3,PRCP,0,S
530,06,4,PRCP,0,S
531,06,5,PRCP,0,S
532,06,6,PRCP,,   
533,06,7,PRCP,,   
534,06,8,PRCP,13,   
535,06,9,PRCP,203,S
536,06,10,PRCP,0,S
537,06,11,PRCP,0,S
538,06,12,PRCP,0,S
539,06,13,PRCP,,   
540,06,14,PRCP,,   
541,06,15,PRCP,0,   
542,06,16,PRCP,0,S
543,06,17,PRCP,0,S
544,06,18,PRCP,0,S
545,06,19,PRCP,0,S
546,06,20,PRCP,145,S
547,06,21,PRCP,0,S
548,06,22,PRCP,234,S
549,06,23,PRCP,,   
550,06,24,PRCP,0,   
551,06,25,PRCP,13,S
552,06,26,PRCP,18,S
553,06,27,PRCP,0,S
554,06,28,PRCP,0,S
555,06,29,PRCP,0,S
556,06,30,PRCP,0,S
557,06,31,PRCP,,   
558,07,1,TMAX,,   
559,07,2,TMAX,,   
560,07,3,TMAX,286,   
561,07,4,TMAX,,   
562,07,5,TMAX,,   
563,07,6,TMAX,,   
564,07,7,TMAX,,   
565,07,8,TMAX,,   
566,07,9,TMAX,,   
567,07,10,TMAX,,   
568,07,11,TMAX,,   
569,07,12,TMAX,,   
570,07,13,TMAX,,   
571,07,14,TMAX,299,   
572,07,15,TMAX,,   
573,07,16,TMAX,,   
574,07,17,TMAX,,   
575,07,18,TMAX,,   
576,07,19,TMAX,,   
577,07,20,TMAX,,   
578,07,21,TMAX,,   
579,07,22,TMAX,,   
580,07,23,TMAX,,   
581,07,24,TMAX,,   
582,07,25,TMAX,,   
583,07,26,TMAX,,   
584,07,27,TMAX,,   
585,07,28,TMAX,,   
586,07,29,TMAX,,   
587,07,30,TMAX,,   
588,07,31,TMAX,,   
589,07,1,TMIN,,   
590,07,2,TMIN,,   
591,07,3,TMIN,175,   
592,07,4,TMIN,,   
593,07,5,TMIN,,   
594,07,6,TMIN,,   
595,07,7,TMIN,,   
596,07,8,TMIN,,   
597,07,9,TMIN,,   
598,07,10,TMIN,,   
599,07,11,TMIN,,   
600,07,12,TMIN,,   
601,07,13,TMIN,,   
602,07,14,TMIN,165,   
603,07,15,TMIN,,   
604,07,16,TMIN,,   
605,07,17,TMIN,,   
606,07,18,TMIN,,   
607,07,19,TMIN,,   
608,07,20,TMIN,,   
609,07,21,TMIN,,   
610,07,22,TMIN,,   
611,07,23,TMIN,,   
612,07,24,TMIN,,   
613,07,25,TMIN,,   
614,07,26,TMIN,,   
615,07,27,TMIN,,   
616,07,28,TMIN,,   
617,07,29,TMIN,,   
618,07,30,TMIN,,   
619,07,31,TMIN,,   
620,07,1,PRCP,,   
621,07,2,PRCP,,   
622,07,3,PRCP,307,   
623,07,4,PRCP,0,S
624,07,5,PRCP,,   
625,07,6,PRCP,76,   
626,07,7,PRCP,0,S
627,07,8,PRCP,,   
628,07,9,PRCP,,   
629,07,10,PRCP,,   
630,07,11,PRCP,,   
631,07,12,PRCP,,   
632,07,13,PRCP,0,   
633,07,14,PRCP,0,S
634,07,15,PRCP,0,S
635,07,16,PRCP,0,S
636,07,17,PRCP,147,S
637,07,18,PRCP,0,S
638,07,19,PRCP,,   
639,07,20,PRCP,5,   
640,07,21,PRCP,0,S
641,07,22,PRCP,58,S
642,07,23,PRCP,0,S
643,07,24,PRCP,,   
644,07,25,PRCP,,   
645,07,26,PRCP,,   
646,07,27,PRCP,0,   
647,07,28,PRCP,43,S
648,07,29,PRCP,0,S
649,07,30,PRCP,112,S
650,07,31,PRCP,0,S
651,08,1,TMAX,,   
652,08,2,TMAX,,   
653,08,3,TMAX,,   
654,08,4,TMAX,,   
655,08,5,TMAX,296,   
656,08,6,TMAX,,   
657,08,7,TMAX,,   
658,08,8,TMAX,290,   
659,08,9,TMAX,,   
660,08,10,TMAX,,   
661,08,11,TMAX,,   
662,08,12,TMAX,,   
663,08,13,TMAX,298,   
664,08,14,TMAX,,   
665,08,15,TMAX,,   
666,08,16,TMAX,,   
667,08,17,TMAX,,   
668,08,18,TMAX,,   
669,08,19,TMAX,,   
670,08,20,TMAX,,   
671,08,21,TMAX,,   
672,08,22,TMAX,,   
673,08,23,TMAX,264,   
674,08,24,TMAX,,   
675,08,25,TMAX,297,   
676,08,26,TMAX,,   
677,08,27,TMAX,,   
678,08,28,TMAX,,   
679,08,29,TMAX,280,   
680,08,30,TMAX,,   
681,08,31,TMAX,254,   
682,08,1,TMIN,,   
683,08,2,TMIN,,   
684,08,3,TMIN,,   
685,08,4,TMIN,,   
686,08,5,TMIN,158,   
687,08,6,TMIN,,   
688,08,7,TMIN,,   
689,08,8,TMIN,173,   
690,08,9,TMIN,,   
691,08,10,TMIN,,   
692,08,11,TMIN,,   
693,08,12,TMIN,,   
694,08,13,TMIN,165,   
695,08,14,TMIN,,   
696,08,15,TMIN,,   
697,08,16,TMIN,,   
698,08,17,TMIN,,   
699,08,18,TMIN,,   
700,08,19,TMIN,,   
701,08,20,TMIN,,   
702,08,21,TMIN,,   
703,08,22,TMIN,,   
704,08,23,TMIN,150,   
705,08,24,TMIN,,   
706,08,25,TMIN,156,   
707,08,26,TMIN,,   
708,08,27,TMIN,,   
709,08,28,TMIN,,   
710,08,29,TMIN,153,   
711,08,30,TMIN,,   
712,08,31,TMIN,154,   
713,08,1,PRCP,,   
714,08,2,PRCP,,   
715,08,3,PRCP,,   
716,08,4,PRCP,,   
717,08,5,PRCP,38,   
718,08,6,PRCP,5,S
719,08,7,PRCP,,   
720,08,8,PRCP,239,   
721,08,9,PRCP,0,S
722,08,10,PRCP,180,S
723,08,11,PRCP,,   
724,08,12,PRCP,168,   
725,08,13,PRCP,168,S
726,08,14,PRCP,185,S
727,08,15,PRCP,0,S
728,08,16,PRCP,,   
729,08,17,PRCP,132,   
730,08,18,PRCP,193,S
731,08,19,PRCP,,   
732,08,20,PRCP,117,   
733,08,21,PRCP,51,S
734,08,22,PRCP,145,S
735,08,23,PRCP,0,S
736,08,24,PRCP,0,S
737,08,25,PRCP,0,S
738,08,26,PRCP,432,S
739,08,27,PRCP,,   
740,08,28,PRCP,64,   
741,08,29,PRCP,188,S
742,08,30,PRCP,0,S
743,08,31,PRCP,0,S
744,09,1,PRCP,185,   
745,09,2,PRCP,56,S
746,09,3,PRCP,13,S
747,09,4,PRCP,175,S
748,09,5,PRCP,0,S
749,09,6,PRCP,277,S
750,09,7,PRCP,0,S
751,09,8,PRCP,345,S
752,09,9,PRCP,391,S
753,09,10,PRCP,353,S
754,09,11,PRCP,23,S
755,09,12,PRCP,0,S
756,09,13,PRCP,,   
757,09,14,PRCP,119,   
758,09,15,PRCP,0,S
759,09,16,PRCP,,   
760,09,17,PRCP,48,   
761,09,18,PRCP,10,S
762,09,19,PRCP,0,S
763,09,20,PRCP,361,S
764,09,21,PRCP,0,S
765,09,22,PRCP,0,S
766,09,23,PRCP,15,S
767,09,24,PRCP,147,S
768,09,25,PRCP,18,S
769,09,26,PRCP,0,S
770,09,27,PRCP,0,S
771,09,28,PRCP,0,S
772,09,29,PRCP,0,S
773,09,30,PRCP,0,S
774,09,31,PRCP,,   
775,10,1,TMAX,,   
776,10,2,TMAX,,   
777,10,3,TMAX,,   
778,10,4,TMAX,,   
779,10,5,TMAX,270,   
780,10,6,TMAX,,   
781,10,7,TMAX,281,   
782,10,8,TMAX,,   
783,10,9,TMAX,,   
784,10,10,TMAX,,   
785,10,11,TMAX,,   
786,10,12,TMAX,,   
787,10,13,TMAX,,   
788,10,14,TMAX,295,   
789,10,15,TMAX,287,S
790,10,16,TMAX,,   
791,10,17,TMAX,,   
792,10,18,TMAX,,   
793,10,19,TMAX,,   
794,10,20,TMAX,,   
795,10,21,TMAX,,   
796,10,22,TMAX,,   
797,10,23,TMAX,,   
798,10,24,TMAX,,   
799,10,25,TMAX,,   
800,10,26,TMAX,,   
801,10,27,TMAX,,   
802,10,28,TMAX,312,   
803,10,29,TMAX,,   
804,10,30,TMAX,,   
805,10,31,TMAX,,   
806,10,1,TMIN,,   
807,10,2,TMIN,,   
808,10,3,TMIN,,   
809,10,4,TMIN,,   
810,10,5,TMIN,140,   
811,10,6,TMIN,,   
812,10,7,TMIN,129,   
813,10,8,TMIN,,   
814,10,9,TMIN,,   
815,10,10,TMIN,,   
816,10,11,TMIN,,   
817,10,12,TMIN,,   
818,10,13,TMIN,,   
819,10,14,TMIN,130,   
820,10,15,TMIN,105,S
821,10,16,TMIN,,   
822,10,17,TMIN,,   
823,10,18,TMIN,,   
824,10,19,TMIN,,   
825,10,20,TMIN,,   
826,10,21,TMIN,,   
827,10,22,TMIN,,   
828,10,23,TMIN,,   
829,10,24,TMIN,,   
830,10,25,TMIN,,   
831,10,26,TMIN,,   
832,10,27,TMIN,,   
833,10,28,TMIN,150,   
834,10,29,TMIN,,   
835,10,30,TMIN,,   
836,10,31,TMIN,,   
837,10,1,PRCP,0,S
838,10,2,PRCP,0,S
839,10,3,PRCP,,   
840,10,4,PRCP,0,   
841,10,5,PRCP,0,S
842,10,6,PRCP,0,S
843,10,7,PRCP,0,S
844,10,8,PRCP,0,S
845,10,9,PRCP,0,S
846,10,10,PRCP,0,S
847,10,11,PRCP,0,S
848,10,12,PRCP,0,S
849,10,13,PRCP,0,S
850,10,14,PRCP,0,S
851,10,15,PRCP,0,S
852,10,16,PRCP,0,S
853,10,17,PRCP,0,S
854,10,18,PRCP,0,S
855,10,19,PRCP,0,S
856,10,20,PRCP,0,S
857,10,21,PRCP,0,S
858,10,22,PRCP,0,S
859,10,23,PRCP,0,S
860,10,24,PRCP,,   
861,10,25,PRCP,,   
862,10,26,PRCP,0,   
863,10,27,PRCP,0,S
864,10,28,PRCP,0,S
865,10,29,PRCP,0,S
866,10,30,PRCP,0,S
867,10,31,PRCP,0,S
868,11,1,TMAX,,   
869,11,2,TMAX,313,   
870,11,3,TMAX,,   
871,11,4,TMAX,272,   
872,11,5,TMAX,263,S
873,11,6,TMAX,,   
874,11,7,TMAX,,   
875,11,8,TMAX,,   
876,11,9,TMAX,,   
877,11,10,TMAX,,   
878,11,11,TMAX,,   
879,11,12,TMAX,,   
880,11,13,TMAX,,   
881,11,14,TMAX,,   
882,11,15,TMAX,,   
883,11,16,TMAX,,   
884,11,17,TMAX,,   
885,11,18,TMAX,,   
886,11,19,TMAX,,   
887,11,20,TMAX,,   
888,11,21,TMAX,,   
889,11,22,TMAX,,   
890,11,23,TMAX,,   
891,11,24,TMAX,,   
892,11,25,TMAX,,   
893,11,26,TMAX,281,   
894,11,27,TMAX,277,S
895,11,28,TMAX,,   
896,11,29,TMAX,,   
897,11,30,TMAX,,   
898,11,31,TMAX,,   
899,11,1,TMIN,,   
900,11,2,TMIN,163,   
901,11,3,TMIN,,   
902,11,4,TMIN,120,   
903,11,5,TMIN,79,S
904,11,6,TMIN,,   
905,11,7,TMIN,,   
906,11,8,TMIN,,   
907,11,9,TMIN,,   
908,11,10,TMIN,,   
909,11,11,TMIN,,   
910,11,12,TMIN,,   
911,11,13,TMIN,,   
912,11,14,TMIN,,   
913,11,15,TMIN,,   
914,11,16,TMIN,,   
915,11,17,TMIN,,   
916,11,18,TMIN,,   
917,11,19,TMIN,,   
918,11,20,TMIN,,   
919,11,21,TMIN,,   
920,11,22,TMIN,,   
921,11,23,TMIN,,   
922,11,24,TMIN,,   
923,11,25,TMIN,,   
924,11,26,TMIN,121,   
925,11,27,TMIN,142,S
926,11,28,TMIN,,   
927,11,29,TMIN,,   
928,11,30,TMIN,,   
929,11,31,TMIN,,   
930,11,1,PRCP,0,   
931,11,2,PRCP,0,S
932,11,3,PRCP,,   
933,11,4,PRCP,0,   
934,11,5,PRCP,0,S
935,11,6,PRCP,0,S
936,11,7,PRCP,,   
937,11,8,PRCP,0,   
938,11,9,PRCP,0,S
939,11,10,PRCP,0,S
940,11,11,PRCP,0,S
941,11,12,PRCP,0,S
942,11,13,PRCP,0,S
943,11,14,PRCP,,   
944,11,15,PRCP,,   
945,11,16,PRCP,0,   
946,11,17,PRCP,0,S
947,11,18,PRCP,0,S
948,11,19,PRCP,0,S
949,11,20,PRCP,,   
950,11,21,PRCP,,   
951,11,22,PRCP,0,   
952,11,23,PRCP,0,S
953,11,24,PRCP,0,S
954,11,25,PRCP,0,S
955,11,26,PRCP,0,S
956,11,27,PRCP,0,S
957,11,28,PRCP,,   
958,11,29,PRCP,,   
959,11,30,PRCP,0,   
960,11,31,PRCP,,   
961,12,1,TMAX,299,   
962,12,2,TMAX,,   
963,12,3,TMAX,,   
964,12,4,TMAX,,   
965,12,5,TMAX,,   
966,12,6,TMAX,278,   
967,12,7,TMAX,,   
968,12,8,TMAX,,   
969,12,9,TMAX,,   
970,12,10,TMAX,,   
971,12,11,TMAX,,   
972,12,12,TMAX,,   
973,12,13,TMAX,,   
974,12,14,TMAX,,   
975,12,15,TMAX,,   
976,12,16,TMAX,,   
977,12,17,TMAX,,   
978,12,18,TMAX,,   
979,12,19,TMAX,,   
980,12,20,TMAX,,   
981,12,21,TMAX,,   
982,12,22,TMAX,,   
983,12,23,TMAX,,   
984,12,24,TMAX,,   
985,12,25,TMAX,,   
986,12,26,TMAX,,   
987,12,27,TMAX,,   
988,12,28,TMAX,,   
989,12,29,TMAX,,   
990,12,30,TMAX,,   
991,12,31,TMAX,,   
992,12,1,TMIN,138,   
993,12,2,TMIN,,   
994,12,3,TMIN,,   
995,12,4,TMIN,,   
996,12,5,TMIN,,   
997,12,6,TMIN,105,   
998,12,7,TMIN,,   
999,12,8,TMIN,,   
1000,12,9,TMIN,,   
1001,12,10,TMIN,,   
1002,12,11,TMIN,,   
1003,12,12,TMIN,,   
1004,12,13,TMIN,,   
1005,12,14,TMIN,,   
1006,12,15,TMIN,,   
1007,12,16,TMIN,,   
1008,12,17,TMIN,,   
1009,12,18,TMIN,,   
1010,12,19,TMIN,,   
1011,12,20,TMIN,,   
1012,12,21,TMIN,,   
1013,12,22,TMIN,,   
1014,12,23,TMIN,,   
1015,12,24,TMIN,,   
1016,12,25,TMIN,,   
1017,12,26,TMIN,,   
1018,12,27,TMIN,,   
1019,12,28,TMIN,,   
1020,12,29,TMIN,,   
1021,12,30,TMIN,,   
1022,12,31,TMIN,,   
1023,12,1,PRCP,0,S
1024,12,2,PRCP,0,S
1025,12,3,PRCP,0,S
1026,12,4,PRCP,,   
1027,12,5,PRCP,,   
1028,12,6,PRCP,0,   
1029,12,7,PRCP,0,S
1030,12,8,PRCP,0,S
1031,12,9,PRCP,0,S
1032,12,10,PRCP,0,S
1033,12,11,PRCP,0,S
1034,12,12,PRCP,,   
1035,12,13,PRCP,,   
1036,12,14,PRCP,0,   
1037,12,15,PRCP,0,S
1038,12,16,PRCP,0,S
1039,12,17,PRCP,0,S
1040,12,18,PRCP,,   
1041,12,19,PRCP,0,   
1042,12,20,PRCP,,   
1043,12,21,PRCP,0,   
1044,12,22,PRCP,,   
1045,12,23,PRCP,0,   
1046,12,24,PRCP,0,S
1047,12,25,PRCP,,   
1048,12,26,PRCP,,   
1049,12,27,PRCP,,   
1050,12,28,PRCP,0,   
1051,12,29,PRCP,0,S
1052,12,30,PRCP,0,S
1053,12,31,PRCP,0,S
